[ 0.02484351 -0.73569618  0.01300921 ... -0.16442356 -0.31745446
  0.57099442] 
[ 0.70720948 -0.16984635  0.33688654 ... -0.20923248  0.47282383
  0.77227051] 
[-0.00377583  0.1929916   0.50593351 ... -1.04747817  0.56410009
 -0.04149957] 
[-0.88776002 -0.02360311 -0.19364705 ...  1.0778361  -1.35641473
  0.40419284] 
[-0.13591455 -0.20028254 -0.3918054  ...  0.07184468  0.30446257
  0.06296336] 
[-0.20617233  0.21683288  0.54114972 ...  0.14136133  0.21696124
  0.19324537] 
[-0.00235195  0.0230459   0.05994835 ... -0.08638306  0.02386159
  0.0988755 ] 
[-1.68897479e-04 -5.26843313e-04  4.60418620e-03 ...  5.10853252e-04
  4.66341254e-05 -2.89088865e-03] 
[-6.60265295e-06 -9.49967293e-06 -3.53286659e-06 ...  5.59708607e-06
  1.46089701e-06 -8.80302576e-06] 
